asc_0 = 0 -0.05
asc_1 = 1.32653518535341 +0.02
asc_2 = 0.153808719989152 +0.2
asc_3 = -0.756642301486772 - 0.01
asc_4 = -2.49415453410447 
b_hh_size_1_on_1 = -2.32151753047275
b_hh_size_1_on_2 = -5.31451937701402
b_hh_size_1_on_3 = -6.33101109903207
b_hh_size_1_on_4 = -6.33101109903207					  
b_hh_size_2_on_1 = -0.860322862013797
b_hh_size_2_on_2 = -1.32839559959475
b_hh_size_2_on_3 = -2.77109750550741 -0.2
b_hh_size_2_on_4 = -2.77109750550741 -0.2					  
b_hh_size_4_on_1 = 0 + 0.05
b_hh_size_4_on_2 = 0.358657292383099
b_hh_size_4_on_3 = 0.512843810487653 -0.05
b_hh_size_4_on_4 = 1.79787279696284  -0.05
b_income_low_on_1 = -0.918511364279529
b_income_low_on_2 = -1.33057881156483
b_income_low_on_3 = -1.28818003505436
b_income_low_on_4 = -1.54651357344664
b_income_high_on_1 = 0.39127472423526
b_income_high_on_2 = 1.46650927074699
b_income_high_on_3 = 1.82189268641244
b_income_high_on_4 = 1.82189268641244						   
b_education_1_on_1 = 0
b_education_1_on_2 = 0
b_education_1_on_3 = 0
b_education_1_on_4 = 0
b_education_2_on_1 = 0
b_education_2_on_2 = 0
b_education_2_on_3 = 0
b_education_2_on_4 = 0							
b_person_age_0_9_on_1 = -0.776162594290696
b_person_age_0_9_on_2 = -1.31130056467719
b_person_age_0_9_on_3 = -2.6828530075867
b_person_age_0_9_on_4 = -3.29210708549263
b_person_age_10_17_on_1 = 0
b_person_age_10_17_on_2 = -0.551016189445422
b_person_age_10_17_on_3 = -1.45526814339924
b_person_age_10_17_on_4 = -2.23136415578831
b_person_working_1_on_1 = -0.0691879045226477
b_person_working_1_on_2 = 0.321578975573196
b_person_working_1_on_3 = 0.169334652123874
b_person_working_1_on_4 = -0.0105354049016534
b_person_working_2_on_1 = -0.357920229680255
b_person_working_2_on_2 = 0.294209817493787
b_person_working_2_on_3 = 0.390800822971703
b_person_working_2_on_4 = 0.402484401534751
b_license_1_on_1 = 2.90440396007772
b_license_1_on_2 = 3.71889295862205
b_license_1_on_3 = 3.53111625334304
b_license_1_on_4 = 3.62166892341621
b_license_2_on_1 = 3.35969951969036
b_license_2_on_2 = 4.28741080292903
b_license_2_on_3 = 3.85122961714874
b_license_2_on_4 = 4.0504273987981
b_license_3_on_1 = 0
b_license_3_on_2 = 1.56377191959513
b_license_3_on_3 = 1.94326974542464
b_license_3_on_4 = 1.72681910131123
b_license_4_on_1 = 0
b_license_4_on_2 = 1.57717102894532
b_license_4_on_3 = 2.53641636087657
b_license_4_on_4 = 2.92907730511062
b_shared_flat_on_1 = -0.217921739522735
b_shared_flat_on_2 = -0.703613711113772
b_shared_flat_on_3 = -1.25461154778851
b_shared_flat_on_4 = -1.25461154778851							
b_hh_retired_on_1 = -0.300536961301715
b_hh_retired_on_2 = -0.67738197248047
b_hh_retired_on_3 = -0.973067209237247
b_hh_retired_on_4 = -0.973067209237247						
b_hh_unemployed_on_1 = -0.844385005548185
b_hh_unemployed_on_2 = -0.427917882823722
b_hh_unemployed_on_3 = -0.668062322769128
b_hh_unemployed_on_4 = -0.777385225382453
lambda_car = 1
lambda_two_more_car = 1				   
lambda_root = 1