asc_0 = 0
asc_1 = 1.10863760603113 -0.35
asc_2 = 0.68162370727795 -0.4
asc_3 = 0.28834138557264 -1.2 
asc_4 = -0.182855007031296 -1.9
b_hh_size_1_on_1 = -1.99464955003886
b_hh_size_1_on_2 = -3.53443890695063 -0.1
b_hh_size_1_on_3 = -3.95517729051535 -0.2
b_hh_size_1_on_4 = -3.95517729051535 -0.3
b_hh_size_2_on_1 = -0.365995958764755 -0.02
b_hh_size_2_on_2 = -0.635993696681483 -0.05
b_hh_size_2_on_3 = -1.41933496893629 -0.3
b_hh_size_2_on_4 = -1.41933496893629 -0.4
b_hh_size_4_on_1 = 0.610395095408177
b_hh_size_4_on_2 = 0.700692466133532
b_hh_size_4_on_3 = 0.688166270322249 -0.4
b_hh_size_4_on_4 = 0.956916692316263 -0.2
b_income_low_on_1  = -0.777700723280501
b_income_low_on_2  = -0.9706249704907
b_income_low_on_3  = -0.977031183163475
b_income_low_on_4  = -1.17337500108544
b_income_high_on_1 = 0.690493931347777
b_income_high_on_2 = 1.20715674471081
b_income_high_on_3 = 1.35947137892589
b_income_high_on_4 = 1.35947137892589
b_education_1_on_1 = 0
b_education_1_on_2 = 0
b_education_1_on_3 = 0
b_education_1_on_4 = 0
b_education_2_on_1 = 0
b_education_2_on_2 = 0
b_education_2_on_3 = 0
b_education_2_on_4 = 0
b_person_age_0_9_on_1 = -0.603339670796799
b_person_age_0_9_on_2 = -0.724304560174336
b_person_age_0_9_on_3 = -1.38213516880253
b_person_age_0_9_on_4 = -1.56346928026799
b_person_age_10_17_on_1 = 0.252379666856337
b_person_age_10_17_on_2 = 0.0575779789607535
b_person_age_10_17_on_3 = -0.315144621167415
b_person_age_10_17_on_4 = -0.557552983326879
b_person_working_1_on_1 = -0.203448827101002
b_person_working_1_on_2 = -0.00987504843146495
b_person_working_1_on_3 = 0.026489235055301
b_person_working_1_on_4 = 0.0759821761378274
b_person_working_2_on_1 = 0.136638604614258
b_person_working_2_on_2 = 0.448207086313216
b_person_working_2_on_3 = 0.592938502271412
b_person_working_2_on_4 = 0.727533623286812
b_license_1_on_1 = 3.20547174855926
b_license_1_on_2 = 3.58755925396909
b_license_1_on_3 = 3.45384813776783
b_license_1_on_4 = 3.25055358774746
b_license_2_on_1 = 3.67993007430347
b_license_2_on_2 = 4.15231011016312
b_license_2_on_3 = 3.91348753845903
b_license_2_on_4 = 3.69891540868896
b_license_3_on_1 = 3.13011099737233
b_license_3_on_2 = 3.77172362699614
b_license_3_on_3 = 3.94330191590408
b_license_3_on_4 = 3.53496367242672
b_license_4_on_1 = 0
b_license_4_on_2 = 1.04785576706684
b_license_4_on_3 = 1.5021304546638
b_license_4_on_4 = 1.70558783820853
b_shared_flat_on_1 = -0.948634353797483
b_shared_flat_on_2 = -0.590272862930656
b_shared_flat_on_3 = -0.472145684593323
b_shared_flat_on_4 = -0.472145684593323						
b_hh_retired_on_1 = -0.417901404644058
b_hh_retired_on_2 = -0.642783970563928
b_hh_retired_on_3 = -0.722342981486601
b_hh_retired_on_4 = -0.722342981486601					   
b_hh_unemployed_on_1 = -0.662926338953013
b_hh_unemployed_on_2 = -0.492572556427705
b_hh_unemployed_on_3 = -0.32967631598602
b_hh_unemployed_on_4 = -0.187703199609308
lambda_car = 0.487449298159461 +0.2
lambda_two_more_car = 1
lambda_root = 1