asc_cs = -1.48197963831929 -1.2
b_zeitkarte = 0.0897766321223769 + 0.3
b_female = -0.234593337567043  
b_anzauto_1 = -2.55548323904917 -0.3
b_anzauto_2 = -3.77442424927882 -0.6
b_hhgro_1 = -1.85714074102645 +0.15
b_hhgro_2 = -0.57444506499668 + 0.45
b_hhgro_3 = -0.471414305481606
b_taetigkeit_1 = 0.846365128094408 +0.6
b_taetigkeit_2 = 1.13920191713428 +0.4
b_taetigkeit_3 = 0.287729239702407
b_alter_18_29 = -0.202827810668649 +0.2
b_alter_30_39 = 0.943294492321247 +0.3
b_alter_40_49 = 1.03536737978778 +0.1
b_alter_50_59 = 0.788758438133368
b_parken = -0.797099172475566
elasticity_parken = -0.21903874204221
b_cs_cars = 0.00257040869244411 +0.001
b_oek_2 = 0.546883094599499
b_oek_3 = 1.36278601057785 +0.6
